Scatterer_ocean
{
	Ocean
	{
		name = Eespeyeria
		AMP = 1.10000002
		m_windSpeed = 28
		m_omega = 14
		m_gravity = 3.92400002
		maxWaveInteractionShipAltitude = 500
		m_whiteCapStr = 0.100000001
		shoreFoam = 2
		m_farWhiteCapStr = 0.469999999
		m_oceanUpwellingColor = 0.00200000009,0.00200000009,0.00400000019
		m_UnderwaterColor = 0.100000001,0.75,0.800000012
		offScreenVertexStretch = 1.25
		alphaRadius = 10000
		transparencyDepth = 100
		darknessDepth = 700
		refractionIndex = 500
		skyReflectionStrength = 1
		causticsTexturePath = scatterer/config/Planets/Caustics.png
		causticsLayer1Scale = 0.200000003,0.200000003
		causticsLayer1Speed = 0.0612000003,-0.151199996
		causticsLayer2Scale = 0.277099997,0.267100006
		causticsLayer2Speed = -0.0748699978,0.174869999
		causticsMultiply = 6
		causticsUnderwaterLightBoost = 2
		causticsMinBrightness = 0.5
		causticsBlurDepth = 2050
		lightRaysStrength = 21
	}
}
